2.375249041455346766e-01 3.962794996454813840e-02 2.299901143846005136e-01 5.316411369153690725e-01 8.530219031866094204e-01 4.997310418681583100e-01
2.700028628299390165e-01 3.153650664640681583e-02 2.056035990183374962e-01 4.676001056834733771e-01 8.670131880138765013e-01 4.997310418681583100e-01
2.773100788828640195e-01 5.019710088762877054e-02 1.796357887241904761e-01 4.531915138131876186e-01 7.815930480080107712e-01 4.997310418681583100e-01
2.927814795982860430e-01 3.150644366807722058e-02 1.828550452283199956e-01 4.226845331853290033e-01 8.530219031866094204e-01 4.997310418681583100e-01
2.930439779306887038e-01 7.570229415571823328e-02 1.383966964082763706e-01 4.221669309533947478e-01 6.464145208891554084e-01 4.997310418681583100e-01
3.010145189256971388e-01 2.741236536782189551e-02 1.787160842011642214e-01 4.064503746957641162e-01 8.670131880138765013e-01 4.997310418681583100e-01
3.011120347348613113e-01 9.076894166011301168e-02 1.152619920997089709e-01 4.062580900438569897e-01 5.594402257773302134e-01 4.997310418681583100e-01
3.478129363011647213e-01 3.870096635111222594e-02 1.206290658424064161e-01 3.141718254843338110e-01 7.571018732732890388e-01 4.997310418681583100e-01
3.535633536793493237e-01 2.257283949489139255e-02 1.310067753204425811e-01 3.028329768057191340e-01 8.530219031866094204e-01 4.997310418681583100e-01
3.638192369245029090e-01 1.906016614347321933e-02 1.242635654267072037e-01 2.826101128752669944e-01 8.670131880138765013e-01 4.997310418681583100e-01
3.655624133056876723e-01 2.080924054746179086e-02 1.207713146415338723e-01 2.791728644276371130e-01 8.530219031866094204e-01 4.997310418681583100e-01
3.655624133056876723e-01 6.182723771580796168e-02 7.975331747318770148e-02 2.791728644276371130e-01 5.633069976786369004e-01 4.997310418681583100e-01
3.659376103858246188e-01 1.263818239877418335e-02 1.285671757100845525e-01 2.784330393616392674e-01 9.104978552653002488e-01 4.997310418681583100e-01
3.732314088105174732e-01 1.968206618369146288e-02 1.142294935004744133e-01 2.640509047806501308e-01 8.530219031866094204e-01 4.997310418681583100e-01
3.732314088105174732e-01 3.252686699433603862e-02 1.013846926898298445e-01 2.640509047806501308e-01 7.571018732732890388e-01 4.997310418681583100e-01
3.732314088105174732e-01 3.330557670664208159e-02 1.006059829775237946e-01 2.640509047806501308e-01 7.512867687808714168e-01 4.997310418681583100e-01
3.866326855121390849e-01 5.262599728624430678e-02 6.788428569629990916e-02 2.376258579316329334e-01 5.633069976786369004e-01 4.997310418681583100e-01
4.285949886838067435e-01 3.430135312988951551e-02 4.424662668098709034e-02 1.548833064648910129e-01 5.633069976786369004e-01 4.997310418681583100e-01
