1.718558936586853036e+01 2.505176822947750281e+01 1.361843005123405170e+00 1.562619906075557896e+00
1.949087974054414829e+01 2.388159992370155038e+01 1.361843005123405170e+00 1.737268996020043588e+00
2.001567131171712788e+01 2.353933564774365550e+01 1.409189221998519148e+00 1.737268996020043588e+00
2.609113766400793821e+01 2.040787383824198997e+01 1.831731927291594619e+00 1.779759130484404928e+00
2.828419220683249335e+01 1.949160957709302266e+01 1.949601490383872315e+00 1.808342357077637574e+00
2.933807231630382262e+01 1.942649670760892988e+01 1.622062763923277862e+00 2.168739373223424582e+00
3.197841274759512942e+01 1.823906623730394827e+01 2.202357364006501506e+00 1.773196330952982125e+00
3.496651141324389300e+01 1.741031896204224338e+01 2.382984770761779281e+00 1.750146118365093706e+00
3.628838912297705122e+01 1.682084663235756494e+01 2.382984770761779281e+00 1.842140294076890505e+00
3.711859110192347089e+01 1.647341643504647024e+01 2.382984770761779281e+00 1.897638363281660689e+00
4.482407695604413789e+01 1.386574231087822184e+01 2.382984770761779281e+00 2.351042922051501893e+00
5.040640925022623264e+01 1.296070267250065022e+01 2.856549806528491331e+00 2.107540157477099552e+00
5.963738413701805996e+01 1.143474891122843395e+01 3.226759397362607196e+00 2.120700314940000997e+00
6.079590041575323767e+01 1.105216977462024630e+01 3.226759397362607196e+00 2.187921135569199205e+00
6.438030506089660321e+01 9.904551134156733383e+00 3.202082426227568668e+00 2.416970086879172808e+00
7.006700968836517518e+01 9.410638368840967161e+00 3.468843620749941348e+00 2.341767784575091493e+00
7.018711014333194953e+01 9.376643198480557828e+00 3.468843620749941348e+00 2.348169812985301697e+00
7.039764205709195721e+01 9.317470012041461302e+00 3.468843620749941348e+00 2.359350429473211719e+00
8.364198199265129574e+01 9.190376358535397472e+00 4.051311599022741738e+00 2.120700314940000997e+00
9.037356837168923107e+01 7.218715510816404723e+00 4.051086179982947399e+00 2.486381478227642994e+00
9.494571942736732240e+01 6.160589543824874781e+00 4.051086179982947399e+00 2.706497851318748094e+00
1.010751853936671978e+02 5.306128937944721180e+00 4.128578527724109826e+00 2.867688213323098090e+00
1.040061306362809717e+02 4.914210095935363398e+00 4.160375828200528758e+00 2.948356428112959282e+00
1.175350475336031053e+02 4.412884803859175697e+00 4.548731279841200958e+00 2.948356428112959282e+00
1.185057449500560693e+02 4.389587254279144979e+00 4.575328470210528131e+00 2.948356428112959282e+00
1.196714078998499815e+02 4.190876534739087056e+00 4.575328470210528131e+00 2.997369073811812612e+00
1.197169740803750528e+02 4.183271526292273279e+00 4.575328470210528131e+00 2.999268729169620951e+00
1.327971434669377118e+02 4.009237048299029382e+00 4.919702083549156058e+00 2.999302798294384065e+00
