1.360000000000000000e+02 4.000000000000000000e+00 5.000000000000000000e+00 3.000000000000000000e+00
1.097169676563616036e+02 4.499948984797469187e+00 4.292929292929293261e+00 3.000000000000000000e+00
8.743352719110293947e+01 5.999795939189879412e+00 3.585858585858585634e+00 3.000000000000000000e+00
7.079318436894193667e+01 8.203346597285992914e+00 2.979797979797979668e+00 2.969696969696969724e+00
4.643158861340680232e+01 1.342607897153351715e+01 2.424242424242424310e+00 2.393939393939394034e+00
2.763554739312315434e+01 1.973716967656361732e+01 1.868686868686868729e+00 1.848484848484848619e+00
1.487603305785123986e+01 2.644628099173553792e+01 1.363636363636363535e+00 1.363636363636363757e+00
6.037751249872461479e+00 3.413570043873074411e+01 8.585858585858585634e-01 8.787878787878787845e-01
1.372921130496887798e+00 4.206040199979594263e+01 4.040404040404040331e-01 4.242424242424242542e-01
0.000000000000000000e+00 5.000000000000000000e+01 0.000000000000000000e+00 0.000000000000000000e+00
