2.292431831359863281e+01 2.617766380310058594e+01 1.812075543143605749e+00 5.163678084052573114e-01
2.449087333679199219e+01 2.543397521972656250e+01 2.021037778144354480e+00 5.247701771457887743e-01
2.709703636169433594e+01 2.431231307983398438e+01 2.068677397322711720e+00 6.845895782235860150e-01
2.819026947021484375e+01 2.178510856628417969e+01 3.042506760913369135e+00 3.104305716101678492e-01
2.954378318786621094e+01 2.157176208496093750e+01 3.042506760913369135e+00 4.050610712163723592e-01
3.025717163085937500e+01 2.099169158935546875e+01 3.167512061971196946e+00 4.050610712163723592e-01
3.124972152709960938e+01 1.935595130920410156e+01 3.566556855813700189e+00 3.370567136317557111e-01
3.186838722229003906e+01 1.437513732910156250e+01 5.016010277702058762e-01 2.441489236253995720e+00
3.446715927124023438e+01 1.286899471282958984e+01 7.182908200567793555e-01 2.724646469518026581e+00
3.818638992309570312e+01 1.162468242645263672e+01 1.117004736254429309e+00 2.951807478325760847e+00
4.499076080322265625e+01 1.091202545166015625e+01 1.828426082188163271e+00 2.986427907454105579e+00
4.751025772094726562e+01 1.068350124359130859e+01 2.069598990780979086e+00 2.980035193357797318e+00
4.952297210693359375e+01 1.058359527587890625e+01 2.251638689177343444e+00 2.951807478325760847e+00
5.163788223266601562e+01 1.019475841522216797e+01 2.448682980697982181e+00 2.987177130987897389e+00
5.423452377319335938e+01 1.012398052215576172e+01 2.663044598948396402e+00 2.928949442634849021e+00
5.826533889770507812e+01 9.382452964782714844e+00 3.020188871901732242e+00 2.987177130987897389e+00
5.997073745727539062e+01 9.308082580566406250e+00 3.149001490574131701e+00 2.950189215579310353e+00
6.723016357421875000e+01 8.250201225280761719e+00 3.752832303634817901e+00 2.968322684445086512e+00
7.193344879150390625e+01 7.447411060333251953e+00 4.181980253538461589e+00 2.998584257752665572e+00
7.454963684082031250e+01 7.038498401641845703e+00 4.432275279108130128e+00 2.998179132299907845e+00
7.528407287597656250e+01 6.963935852050781250e+00 4.494927232311739296e+00 2.986427907454105579e+00
7.579523468017578125e+01 6.876082420349121094e+00 4.548731279841200958e+00 2.987099342722830286e+00
7.779685974121093750e+01 6.557112216949462891e+00 4.760226503563244727e+00 2.980035193357797318e+00
