2.375249041455398946e-01 3.962794996454900576e-02 2.299901143846055374e-01 5.316411369153690725e-01 8.530219031866094204e-01 4.997310418681583100e-01
2.700028628299449562e-01 3.153650664640750279e-02 2.056035990183419926e-01 4.676001056834733771e-01 8.670131880138765013e-01 4.997310418681583100e-01
2.773100788828701257e-01 5.019710088762986688e-02 1.796357887241944173e-01 4.531915138131876186e-01 7.815930480080107712e-01 4.997310418681583100e-01
2.927814795982924823e-01 3.150644366807791447e-02 1.828550452283239924e-01 4.226845331853290033e-01 8.530219031866094204e-01 4.997310418681583100e-01
2.930439779306950876e-01 7.570229415571988474e-02 1.383966964082793960e-01 4.221669309533947478e-01 6.464145208891554084e-01 4.997310418681583100e-01
3.010145189257037446e-01 2.741236536782249572e-02 1.787160842011681350e-01 4.064503746957641162e-01 8.670131880138765013e-01 4.997310418681583100e-01
3.011120347348679172e-01 9.076894166011499621e-02 1.152619920997114966e-01 4.062580900438569897e-01 5.594402257773302134e-01 4.997310418681583100e-01
3.478129363011723263e-01 3.870096635111307942e-02 1.206290658424090667e-01 3.141718254843338110e-01 7.571018732732890388e-01 4.997310418681583100e-01
3.535633536793570397e-01 2.257283949489188521e-02 1.310067753204454399e-01 3.028329768057191340e-01 8.530219031866094204e-01 4.997310418681583100e-01
3.638192369245109026e-01 1.906016614347363566e-02 1.242635654267099238e-01 2.826101128752669944e-01 8.670131880138765013e-01 4.997310418681583100e-01
3.655624133056956659e-01 2.080924054746224883e-02 1.207713146415365230e-01 2.791728644276371130e-01 8.530219031866094204e-01 4.997310418681583100e-01
3.655624133056956659e-01 6.182723771580931477e-02 7.975331747318945008e-02 2.791728644276371130e-01 5.633069976786369004e-01 4.997310418681583100e-01
3.659376103858326124e-01 1.263818239877446091e-02 1.285671757100873558e-01 2.784330393616392674e-01 9.104978552653002488e-01 4.997310418681583100e-01
3.732314088105256333e-01 1.968206618369189309e-02 1.142294935004769113e-01 2.640509047806501308e-01 8.530219031866094204e-01 4.997310418681583100e-01
3.732314088105256333e-01 3.252686699433675332e-02 1.013846926898320649e-01 2.640509047806501308e-01 7.571018732732890388e-01 4.997310418681583100e-01
3.732314088105256333e-01 3.330557670664281017e-02 1.006059829775260012e-01 2.640509047806501308e-01 7.512867687808714168e-01 4.997310418681583100e-01
3.866326855121475781e-01 5.262599728624545864e-02 6.788428569630139409e-02 2.376258579316329334e-01 5.633069976786369004e-01 4.997310418681583100e-01
4.285949886838161249e-01 3.430135312989026491e-02 4.424662668098805485e-02 1.548833064648910129e-01 5.633069976786369004e-01 4.997310418681583100e-01
