1.258273464872134753e+02 4.104335548039568238e+00 4.745061521465264498e+00 2.990188585911115471e+00
1.140223505622166869e+02 4.342247073526369405e+00 4.416892017416053307e+00 2.999442039286726924e+00
8.746868849152124881e+01 6.004415049157254103e+00 3.591180028653914835e+00 2.995095678718390886e+00
7.027292385904200955e+01 8.292410444904440681e+00 2.956159733521759314e+00 2.971422318463846857e+00
4.522224111231807342e+01 1.375458370180216860e+01 2.384006819644301167e+00 2.371090837983433897e+00
2.723819098150903173e+01 1.990550410298602912e+01 1.846869452295044622e+00 1.843534911944078036e+00
1.406953458742129115e+01 2.699456565389929708e+01 1.332632256130199977e+00 1.319649543165402727e+00
6.037842541163635168e+00 3.413754677492265444e+01 8.850832554615922776e-01 8.521081305752331581e-01
1.561428693700198433e+00 4.156100246583060454e+01 4.583445043603162627e-01 4.245909663991281890e-01
9.963560459842696684e-04 4.982512875930018481e+01 1.836718757289301784e-03 1.567531421384238399e-02
