8.492685317993164062e+00 3.046969223022460938e+01 0.000000000000000000e+00 0.000000000000000000e+00
1.049198532104492188e+01 2.944899749755859375e+01 0.000000000000000000e+00 2.399999999999999911e-01
1.187379837036132812e+01 2.847801971435546875e+01 0.000000000000000000e+00 3.800000000000000044e-01
1.700031661987304688e+01 2.490098762512207031e+01 5.999999999999999778e-02 8.599999999999999867e-01
1.915800857543945312e+01 2.288641738891601562e+01 0.000000000000000000e+00 1.110000000000000098e+00
2.491139602661132812e+01 1.794404602050781250e+01 0.000000000000000000e+00 1.820000000000000062e+00
4.301714324951171875e+01 1.570864677429199219e+01 1.979999999999999982e+00 2.000000000000000000e+00
4.322426986694335938e+01 1.123534679412841797e+01 1.649999999999999911e+00 2.950000000000000178e+00
5.492169570922851562e+01 9.750022888183593750e+00 2.740000000000000213e+00 3.000000000000000000e+00
6.011746978759765625e+01 9.091926574707031250e+00 3.180000000000000160e+00 3.000000000000000000e+00
6.107846450805664062e+01 8.965842247009277344e+00 3.259999999999999787e+00 3.000000000000000000e+00
7.318051147460937500e+01 7.249527931213378906e+00 4.299999999999999822e+00 3.000000000000000000e+00
7.696302795410156250e+01 6.625079631805419922e+00 4.690000000000000391e+00 3.000000000000000000e+00
7.857683563232421875e+01 6.189285755157470703e+00 5.000000000000000000e+00 3.000000000000000000e+00
