1.184380965906282945e+00 4.266180224845851849e-04 2.203656399386648933e-04 5.459648969956543141e-04 3.406046438843519653e-01 4.973631168932894919e-01
9.582855155990652740e-01 9.185049890635959440e-05 6.224635316962169596e-02 6.107853706678734174e-02 9.985265777083542904e-01 4.005104635815054381e-01
1.922379221585000242e-01 7.968716793188971081e+00 5.296487859810105822e-03 9.764594650133957554e-01 6.642185902044905887e-04 4.086773974546853427e-01
4.757622921854058329e-01 2.561940928680618915e-02 2.725132658661558530e-02 1.000140609215551812e-01 5.154330866863323646e-01 4.994614891065746187e-01
2.282485785190184746e-01 4.876748796682965348e-01 3.397030017265526003e-02 6.956254456388571983e-01 6.512146854881839531e-02 5.015914709407675032e-01
4.327791312722158446e-01 6.653631340422173912e-02 2.920582243063020098e-02 1.811509617369030378e-01 3.050466983628615791e-01 5.005374588031359373e-01
3.602833617329864180e-01 3.929622012913917828e-02 1.477124278804188562e-01 3.416981148647321165e-01 7.898695031091249596e-01 5.006920990205621091e-01
2.425255805238787834e-03 1.260662108547934324e+01 6.064307348063419784e-02 9.998085781169653297e-01 4.787385241172170680e-03 9.366070118905722719e-02
2.711435964390204734e-01 1.242082396250418636e-01 1.499023697288704715e-01 5.027207611453240466e-01 5.468681788063411986e-01 5.006770213261564351e-01
2.060067622187175262e-01 1.607151519157929698e-01 3.159813933061854097e-01 6.982484778182905805e-01 6.628564785571198215e-01 4.986393527400404535e-01
1.010037383622167800e-02 5.150115409191085014e-01 1.278780634492368007e+00 9.944007896476794173e-01 7.128923026989063549e-01 4.029084447318930229e-01
